0 0.595313 0.499306 0.807813 0.998611
2 0.482812 0.475694 0.218750 0.409722
1 0.421094 0.446528 0.007812 0.009722
1 0.443750 0.452083 0.007812 0.018056
1 0.453906 0.492361 0.010937 0.018056
1 0.453906 0.495833 0.010937 0.025000
1 0.771094 0.207639 0.007812 0.015278
1 0.742578 0.243056 0.002344 0.008333
1 0.998047 0.361806 0.003906 0.015278
1 0.956641 0.387500 0.010156 0.013889
1 0.800781 0.505556 0.009375 0.011111
1 0.986719 0.547222 0.009375 0.016667
1 0.872656 0.600000 0.009375 0.013889
1 0.903906 0.591667 0.009375 0.016667
1 0.798438 0.836806 0.009375 0.015278
