0 0.394351798972016 0.22268958543983822 0.0035522558537978296 0.00634984833164813
0 0.3676984580239863 0.2869868554095045 0.0035522558537978296 0.006370070778564206
0 0.4083552255853798 0.303953488372093 0.0033295259851513423 0.006097067745197169
0 0.37102227298686463 0.32767441860465113 0.0037007424328954885 0.005530839231547017
0 0.37644203312392915 0.35517694641051567 0.004888635065676756 0.006926188068756319
0 0.39969160479725874 0.359221435793731 0.004711593375214164 0.007462082912032356
0 0.39123358081096515 0.3952780586450961 0.005836664762992576 0.007866531850353893
0 0.3618675042832667 0.3946612740141557 0.006430611079383209 0.0079474216380182
0 0.35280982295830954 0.4339029322548028 0.0063506567675613934 0.006865520728008089
0 0.4210222729868647 0.4303741152679474 0.006259280411193604 0.009332659251769465
0 0.38634494574528844 0.5821941354903943 0.0038892061679040545 0.007128412537917087
0 0.39135922330097084 0.5958948432760365 0.0029583095374071957 0.005915065722952477